100 520 273
200 1241 590
300 2033 925
400 2852 1266
500 3798 1622
600 4754 1986
700 5713 2350
800 6694 2716
900 7701 3089
1000 8773 3466
1100 9569 3857
1200 10846 4239
1300 11757 4629
1400 12972 5014
1500 13959 5393
1600 15140 5803
1700 16093 6197
1800 17302 6593
1900 18360 6996
2000 19464 7404
2100 20554 7806
2200 22072 8200
2300 23035 8617
2400 24399 9008
2500 25439 9420
2600 26655 9830
2700 27499 10236
2800 29480 10634
2900 30609 11060
3000 31338 11496
3100 32660 11894
3200 34031 12288
3300 35164 12731
3400 36068 13155
3500 37160 13574
3600 38596 13961
3700 40108 14420
3800 41837 14820
3900 42645 15248
4000 43555 15682
4100 44836 16104
4200 46530 16519
4300 47485 16941
4400 48490 17370
4500 49254 17828
4600 51392 18236
4700 52012 18645
4800 53638 19076
4900 54770 19515
5000 56103 19974
5100 57115 20405
5200 59129 20805
5300 59828 21272
5400 61642 21645
5500 62919 22092
5600 63621 22540
5700 65879 22939
5800 66318 23388
5900 67661 23872
6000 69579 24268
6100 70973 24705
6200 71424 25167
6300 73682 25579
6400 74816 25975
6500 75667 26447
6600 77428 26894
6700 78132 27324
6800 79930 27767
6900 80520 28230
7000 82536 28653
7100 83967 29099
7200 84773 29533
7300 85731 29991
7400 88226 30407
7500 88998 30856
7600 90017 31300
7700 91423 31748
7800 94212 32151
7900 93966 32641
8000 95734 33068
8100 97348 33514
8200 98485 33948
8300 98810 34445
8400 101471 34819
8500 102427 35296
8600 104478 35713
8700 105353 36170
8800 106314 36585
8900 108072 37101
9000 109629 37563
9100 109948 38007
9200 112108 38407
9300 114224 38788
9400 114514 39305
9500 116970 39705
9600 118143 40169
9700 118587 40621
9800 120783 41091
9900 122009 41499
10000 122788 42000
10100 123604 42426
10200 125788 42952
10300 128531 43345
10400 128831 43802
10500 129220 44231
10600 131849 44705
10700 133064 45183
10800 133927 45584
10900 135355 46074
11000 138072 46465
11100 139782 46916
11200 140497 47395
11300 141692 47809
11400 141539 48353
11500 143762 48744
11600 144948 49241
11700 145884 49684
11800 146792 50170
11900 151168 50493
12000 149817 51012
12100 152919 51443
12200 152581 51968
12300 155933 52434
12400 157009 52823
12500 158176 53268
12600 160533 53722
12700 163570 54166
12800 162732 54650
12900 166298 54995
13000 165989 55518
13100 166435 56042
13200 167625 56497
13300 169569 56902
13400 169054 57477
13500 172443 57832
13600 172615 58355
13700 175212 58774
13800 177002 59134
13900 179013 59635
14000 178789 60161
14100 180049 60587
14200 182557 61067
14300 184926 61430
14400 182367 62110
14500 187674 62318
14600 187819 62906
14700 188699 63370
14800 191570 63744
14900 193847 64228
15000 193411 64688
15100 196143 65070
15200 197263 65617
15300 198047 66088
15400 200270 66556
15500 199657 67091
15600 203618 67433
15700 204721 67864
15800 205346 68347
15900 205998 68869
16000 207176 69353
16100 209661 69791
16200 212072 70203
16300 213971 70594
16400 213379 71157
16500 215982 71565
16600 217640 72025
16700 217381 72510
16800 220285 73022
16900 222078 73395
17000 223295 73933
17100 223884 74346
17200 226839 74819
17300 224974 75333
17400 228023 75751
17500 230222 76247
17600 232587 76648
17700 234101 77081
17800 237253 77574
17900 235965 78041
18000 236739 78600
18100 238799 79039
18200 242021 79420
18300 241890 79942
18400 244344 80372
18500 244496 80886
18600 245009 81385
18700 246477 81859
18800 249024 82267
18900 250473 82707
19000 252432 83231
19100 253615 83589
19200 256842 84062
19300 258742 84538
19400 255222 85102
19500 257029 85553
19600 260411 85976
19700 261779 86493
19800 265312 86829
19900 265275 87345
20000 268015 87807
20100 267938 88344
20200 268750 88779
20300 272754 89221
20400 274273 89633
20500 272152 90150
20600 277887 90576
20700 276508 91072
20800 278470 91566
20900 279459 91970
21000 280582 92544
21100 283370 92910
21200 282762 93431
21300 285209 93881
21400 285507 94402
21500 287977 94773
21600 289868 95363
21700 291846 95711
21800 294110 96168
21900 294204 96663
22000 294914 97199
22100 296207 97681
22200 299515 97963
22300 304034 98501
22400 303411 98974
22500 307037 99334
22600 303078 99995
22700 304223 100414
22800 306601 100860
22900 309800 101235
23000 315645 101672
23100 309957 102356
23200 312590 102831
23300 316350 103130
23400 315003 103760
23500 318631 104161
23600 317751 104638
23700 321032 105059
23800 324016 105564
23900 324679 106025
24000 326034 106449
24100 327826 106909
24200 330575 107320
24300 333587 107763
24400 329792 108457
24500 334402 108765
24600 335431 109259
24700 334966 109805
24800 341073 110161
24900 337947 110706
25000 342293 111095
25100 341244 111766
25200 344423 112088
25300 344908 112543
25400 350444 112976
25500 349699 113521
25600 349171 114020
25700 352106 114306
25800 352494 114971
25900 352434 115433
26000 357067 115806
26100 359846 116214
26200 362145 116692
26300 361209 117159
26400 363273 117716
26500 368223 118014
26600 366864 118661
26700 371061 119060
26800 367146 119666
26900 372152 119987
27000 371165 120582
27100 374364 120968
27200 372357 121524
27300 373389 122079
27400 378404 122421
27500 375631 122970
27600 379784 123350
27700 382063 123819
27800 382677 124325
27900 384789 124673
28000 383760 125283
28100 387334 125779
28200 390188 126100
28300 388187 126683
28400 391844 127193
28500 391295 127639
28600 397585 127960
28700 390439 128718
28800 398580 129015
28900 397573 129492
29000 399413 129995
29100 402320 130486
29200 403969 130960
29300 404220 131383
29400 406859 131923
29500 412574 132145
29600 408390 132777
29700 411471 133280
29800 413937 133693
29900 412612 134265
30000 416331 134637
