100 1233 1282
200 5018 5117
300 11123 11272
400 19774 19973
500 31073 31322
600 44906 45205
700 61267 61616
800 79674 80073
900 101069 101519
1000 125065 125564
1100 151151 151701
1200 179908 180508
1300 210998 211648
1400 244565 245265
1500 280250 281000
1600 319550 320350
1700 361737 362586
1800 405964 406863
1900 449279 450229
2000 500564 501563
2100 550593 551642
2200 604227 605327
2300 660782 661932
2400 717646 718846
2500 777883 779132
2600 842523 843823
2700 910040 911390
2800 980542 981941
2900 1051545 1052994
3000 1125981 1127480
3100 1201062 1202612
3200 1276173 1277772
3300 1357499 1359148
3400 1441656 1443355
3500 1527245 1528994
3600 1619707 1621506
3700 1707817 1709667
3800 1805783 1807682
3900 1895897 1897846
4000 1992624 1994623
4100 2096594 2098643
4200 2204770 2206869
4300 2312120 2314269
4400 2421286 2423485
4500 2532240 2534490
4600 2636990 2639290
4700 2753775 2756125
4800 2874362 2876762
4900 2996609 2999058
5000 3126694 3129194
5100 3240440 3242990
5200 3382702 3385302
5300 3509996 3512646
5400 3639799 3642498
5500 3781232 3783982
5600 3920507 3923307
5700 4056177 4059026
5800 4203639 4206539
5900 4347567 4350517
6000 4494991 4497991
6100 4640970 4644020
6200 4799891 4802991
6300 4952973 4956123
6400 5109442 5112642
6500 5279832 5283082
6600 5439159 5442458
6700 5607306 5610656
6800 5761888 5765288
6900 5942110 5945559
7000 6127931 6131430
7100 6286180 6289730
7200 6475684 6479284
7300 6653781 6657431
7400 6832752 6836452
7500 7037848 7041598
7600 7201750 7205550
7700 7409998 7413847
7800 7604306 7608205
7900 7806675 7810625
8000 8003335 8007334
8100 8188843 8192892
8200 8396596 8400696
8300 8610556 8614705
8400 8808397 8812597
8500 9006023 9010273
8600 9232823 9237122
8700 9453751 9458100
8800 9667540 9671940
8900 9898248 9902697
9000 10109797 10114296
9100 10335367 10339917
9200 10565366 10569965
9300 10799339 10803988
9400 11041343 11046043
9500 11278778 11283527
9600 11506242 11511041
9700 11744213 11749062
9800 11987119 11992019
9900 12220689 12225638
10000 12481373 12486373
