100 505 603
200 1206 1404
300 1969 2267
400 2813 3211
500 3738 4233
600 4531 5125
700 5461 6155
800 6424 7218
900 7426 8314
1000 8470 9464
1100 9355 10450
1200 10273 11461
1300 11271 12549
1400 12325 13718
1500 13362 14845
1600 14453 16038
1700 15550 17243
1800 16652 18433
1900 17794 19694
2000 18942 20935
2100 19993 22083
2200 20906 23100
2300 21835 24117
2400 22942 25322
2500 24024 26488
2600 25152 27710
2700 26301 28979
2800 27445 30236
2900 28585 31467
3000 29733 32703
3100 30902 33960
3200 32098 35277
3300 33300 36587
3400 34488 37873
3500 35683 39159
3600 36895 40454
3700 38133 41814
3800 39395 43188
3900 40646 44535
4000 41882 45860
4100 43124 47182
4200 44151 48328
4300 45190 49481
4400 46221 50610
4500 47251 51730
4600 48283 52852
4700 49483 54147
4800 50678 55429
4900 51868 56709
5000 53055 57985
5100 54264 59256
5200 55514 60617
5300 56751 61981
5400 57984 63336
5500 59231 64694
5600 60470 66036
5700 61734 67400
5800 62980 68754
5900 64229 70082
6000 65482 71416
6100 66720 72736
6200 68002 74115
6300 69290 75532
6400 70579 76933
6500 71891 78357
6600 73156 79733
6700 74481 81147
6800 75786 82560
6900 77084 83953
7000 78374 85324
7100 79671 86697
7200 80989 88108
7300 82330 89570
7400 83684 91041
7500 85019 92486
7600 86383 93957
7700 87720 95397
7800 89058 96839
7900 90425 98299
8000 91786 99749
8100 93112 101156
8200 94465 102587
8300 95592 103840
8400 96720 105073
8500 97821 106293
8600 98987 107569
8700 100108 108794
8800 101236 110012
8900 102365 111232
9000 103510 112475
9100 104649 113705
9200 105781 114907
9300 107047 116278
9400 108351 117687
9500 109646 119077
9600 110933 120449
9700 112228 121829
9800 113522 123208
9900 114828 124585
10000 116158 125999
10100 117439 127349
10200 118739 128730
10300 120058 130141
10400 121401 131625
10500 122742 133085
10600 124089 134562
10700 125409 135996
10800 126769 137474
10900 128120 138944
11000 129469 140397
11100 130823 141850
11200 132147 143293
11300 133505 144750
11400 134850 146184
11500 136186 147624
11600 137552 149089
11700 138892 150521
11800 140224 151930
11900 141594 153389
12000 142944 154822
12100 144274 156225
12200 145636 157662
12300 147011 159112
12400 148372 160616
12500 149810 162160
12600 151145 163615
12700 152575 165165
12800 153979 166695
12900 155365 168190
13000 156747 169692
13100 158183 171219
13200 159561 172700
13300 160947 174207
13400 162371 175711
13500 163770 177220
13600 165124 178672
13700 166566 180203
13800 167941 181670
13900 169369 183179
14000 170784 184676
14100 172152 186142
14200 173543 187599
14300 174971 189098
14400 176411 190647
14500 177824 192198
14600 179286 193768
14700 180685 195283
14800 182169 196891
14900 183639 198471
15000 185070 200023
15100 186499 201547
15200 187955 203107
15300 189393 204650
15400 190854 206211
15500 192302 207763
15600 193720 209266
15700 195235 210884
15800 196639 212378
15900 198073 213902
16000 199517 215432
16100 201001 217008
16200 202473 218549
16300 203871 220038
16400 205260 221517
16500 206535 222907
16600 207765 224263
16700 208976 225590
16800 210233 226950
16900 211481 228314
17000 212671 229606
17100 213935 230985
17200 215190 232346
17300 216371 233627
17400 217579 234938
17500 218866 236335
17600 220077 237645
17700 221318 238976
17800 222532 240296
17900 223763 241609
18000 225008 242941
18100 226255 244278
18200 227487 245594
18300 228735 246919
18400 229941 248204
18500 231286 249662
18600 232692 251160
18700 234082 252654
18800 235487 254153
18900 236866 255641
19000 238264 257122
19100 239688 258627
19200 241063 260087
19300 242448 261570
19400 243894 263105
19500 245282 264572
19600 246657 266029
19700 248059 267507
19800 249491 269022
19900 250860 270464
20000 252253 271934
20100 253683 273434
20200 255061 274885
20300 256468 276354
20400 257856 277829
20500 259279 279332
20600 260700 280863
20700 262144 282454
20800 263604 284040
20900 265030 285590
21000 266491 287186
21100 267920 288726
21200 269404 290329
21300 270853 291906
21400 272236 293430
21500 273706 295000
21600 275138 296564
21700 276601 298142
21800 278041 299674
21900 279482 301239
22000 280936 302795
22100 282327 304314
22200 283817 305881
22300 285247 307434
22400 286704 308981
22500 288132 310525
22600 289607 312093
22700 291056 313643
22800 292487 315172
22900 293955 316739
23000 295387 318259
23100 296894 319848
23200 298303 321378
23300 299745 322910
23400 301198 324440
23500 302605 325938
23600 304062 327495
23700 305553 329067
23800 306995 330573
23900 308463 332119
24000 309926 333669
24100 311348 335179
24200 312793 336696
24300 314239 338205
24400 315669 339712
24500 317144 341282
24600 318605 342814
24700 320105 344434
24800 321610 346070
24900 323082 347674
25000 324588 349292
25100 326087 350916
25200 327605 352572
25300 329094 354170
25400 330558 355762
25500 332059 357391
25600 333566 358988
25700 335059 360605
25800 336544 362192
25900 338045 363804
26000 339528 365410
26100 341041 367029
26200 342533 368620
26300 344060 370249
26400 345524 371825
26500 347014 373422
26600 348531 375021
26700 350010 376602
26800 351498 378222
26900 353004 379813
27000 354486 381396
27100 356011 383017
27200 357448 384538
27300 359007 386183
27400 360512 387776
27500 362012 389370
27600 363486 390941
27700 364974 392517
27800 366516 394141
27900 368031 395750
28000 369494 397311
28100 370996 398880
28200 372529 400488
28300 373980 402012
28400 375491 403623
28500 377039 405230
28600 378524 406791
28700 380034 408387
28800 381561 410040
28900 383075 411693
29000 384659 413393
29100 386187 415044
29200 387719 416690
29300 389310 418401
29400 390843 420053
29500 392430 421752
29600 393922 423356
29700 395455 425005
29800 397017 426685
29900 398548 428319
30000 400152 430041
