100 541 617
200 1281 1436
300 2097 2322
400 2960 3266
500 3854 4176
600 4791 5241
700 5749 6301
800 6722 7335
900 7707 8358
1000 8706 9358
1100 9736 10509
1200 10784 11691
1300 11833 12849
1400 12897 14001
1500 13957 15132
1600 15041 16270
1700 16126 17400
1800 17216 18524
1900 18309 19632
2000 19412 20717
2100 20530 21915
2200 21675 23218
2300 22820 24499
2400 23962 25774
2500 25112 27043
2600 26266 28301
2700 27427 29552
2800 28588 30806
2900 29760 32039
3000 30920 33264
3100 32091 34492
3200 33276 35740
3300 34461 36977
3400 35652 38200
3500 36840 39429
3600 38030 40638
3700 39229 41849
3800 40424 43053
3900 41621 44248
4000 42822 45433
4100 44022 46615
4200 45265 48022
4300 46500 49433
4400 47746 50834
4500 48993 52212
4600 50229 53598
4700 51478 54979
4800 52734 56356
4900 53986 57734
5000 55219 59087
5100 56475 60435
5200 57729 61790
5300 58997 63153
5400 60252 64511
5500 61514 65861
5600 62777 67204
5700 64041 68537
5800 65309 69880
5900 66577 71203
6000 67836 72524
6100 69103 73847
6200 70383 75182
6300 71667 76549
6400 72954 77886
6500 74235 79221
6600 75524 80551
6700 76822 81881
6800 78093 83209
6900 79394 84540
7000 80685 85855
7100 81967 87164
7200 83260 88469
7300 84565 89792
7400 85860 91099
7500 87145 92398
7600 88450 93704
7700 89750 94999
7800 91041 96296
7900 92338 97574
8000 93633 98855
8100 94947 100149
8200 96250 101444
8300 97586 102960
8400 98927 104465
8500 100265 105971
8600 101608 107460
8700 102949 108968
8800 104295 110461
8900 105632 111960
9000 106981 113430
9100 108323 114934
9200 109666 116408
9300 111021 117882
9400 112353 119371
9500 113710 120842
9600 115053 122315
9700 116406 123777
9800 117754 125240
9900 119100 126702
10000 120446 128164
10100 121801 129618
10200 123156 131083
10300 124493 132513
10400 125868 133996
10500 127232 135468
10600 128578 136921
10700 129939 138369
10800 131314 139827
10900 132665 141282
11000 134031 142725
11100 135399 144176
11200 136758 145618
11300 138110 147049
11400 139482 148479
11500 140845 149920
11600 142215 151361
11700 143571 152784
11800 144948 154204
11900 146304 155638
12000 147679 157063
12100 149042 158475
12200 150408 159888
12300 151775 161322
12400 153168 162780
12500 154539 164219
12600 155932 165666
12700 157312 167104
12800 158705 168564
12900 160086 170008
13000 161475 171434
13100 162860 172865
13200 164253 174307
13300 165642 175757
13400 167036 177166
13500 168412 178599
13600 169789 180023
13700 171184 181435
13800 172576 182858
13900 173955 184277
14000 175370 185696
14100 176753 187119
14200 178140 188511
14300 179524 189916
14400 180932 191346
14500 182304 192751
14600 183718 194178
14700 185094 195578
14800 186512 196998
14900 187917 198417
15000 189287 199801
15100 190701 201196
15200 192098 202607
15300 193492 204003
15400 194888 205376
15500 196293 206811
15600 197681 208173
15700 199077 209567
15800 200491 210961
15900 201880 212340
16000 203274 213715
16100 204695 215120
16200 206091 216469
16300 207485 217868
16400 208893 219291
16500 210325 220897
16600 211767 222494
16700 213205 224117
16800 214657 225722
16900 216108 227356
17000 217532 228936
17100 218983 230547
17200 220416 232134
17300 221863 233751
17400 223310 235332
17500 224743 236923
17600 226181 238531
17700 227625 240110
17800 229061 241708
17900 230509 243285
18000 231946 244874
18100 233398 246465
18200 234828 248021
18300 236279 249627
18400 237720 251193
18500 239160 252782
18600 240629 254359
18700 242076 255950
18800 243506 257511
18900 244967 259099
19000 246398 260666
19100 247850 262235
19200 249299 263812
19300 250760 265391
19400 252200 266934
19500 253658 268517
19600 255098 270078
19700 256547 271636
19800 257999 273208
19900 259451 274769
20000 260899 276333
20100 262349 277887
20200 263781 279440
20300 265246 280993
20400 266685 282531
20500 268145 284081
20600 269597 285644
20700 271058 287238
20800 272553 288801
20900 273996 290358
21000 275441 291925
21100 276901 293447
21200 278381 295033
21300 279833 296591
21400 281290 298163
21500 282756 299686
21600 284212 301269
21700 285655 302800
21800 287143 304342
21900 288588 305908
22000 290068 307433
22100 291513 308984
22200 292996 310545
22300 294456 312087
22400 295899 313604
22500 297356 315138
22600 298829 316697
22700 300303 318241
22800 301776 319778
22900 303216 321292
23000 304690 322840
23100 306159 324382
23200 307637 325925
23300 309089 327463
23400 310561 328965
23500 311998 330504
23600 313480 332033
23700 314937 333553
23800 316422 335069
23900 317893 336597
24000 319347 338115
24100 320813 339665
24200 322271 341168
24300 323761 342674
24400 325205 344195
24500 326678 345695
24600 328162 347240
24700 329636 348796
24800 331122 350344
24900 332606 351899
25000 334104 353426
25100 335593 354986
25200 337071 356542
25300 338538 358087
25400 340025 359630
25500 341508 361169
25600 343012 362721
25700 344497 364269
25800 345979 365805
25900 347461 367316
26000 348933 368873
26100 350435 370411
26200 351939 371953
26300 353392 373476
26400 354892 375015
26500 356376 376526
26600 357865 378070
26700 359362 379575
26800 360831 381130
26900 362332 382658
27000 363819 384189
27100 365309 385700
27200 366801 387251
27300 368301 388766
27400 369776 390279
27500 371269 391796
27600 372750 393345
27700 374232 394840
27800 375717 396363
27900 377223 397881
28000 378709 399381
28100 380210 400915
28200 381686 402419
28300 383177 403939
28400 384677 405459
28500 386168 406945
28600 387651 408445
28700 389153 409981
28800 390636 411487
28900 392124 412998
29000 393643 414533
29100 395117 416030
29200 396619 417538
29300 398127 419034
29400 399626 420549
29500 401114 422059
29600 402611 423597
29700 404088 425108
29800 405620 426577
29900 407102 428090
30000 408601 429616
