100 21
200 31
300 27
400 32
500 29
600 32
700 31
800 33
900 31
1000 35
1100 34
1200 34
1300 39
1400 34
1500 44
1600 35
1700 37
1800 38
1900 38
2000 36
2100 38
2200 45
2300 39
2400 41
2500 41
2600 39
2700 40
2800 40
2900 41
3000 39
3100 40
3200 41
3300 40
3400 40
3500 39
3600 43
3700 42
3800 42
3900 44
4000 43
4100 41
4200 43
4300 41
4400 44
4500 45
4600 44
4700 43
4800 44
4900 47
5000 47
5100 46
5200 45
5300 44
5400 43
5500 46
5600 45
5700 46
5800 46
5900 46
6000 48
6100 44
6200 43
6300 42
6400 50
6500 46
6600 48
6700 51
6800 49
6900 46
7000 48
7100 44
7200 45
7300 51
7400 52
7500 44
7600 46
7700 46
7800 47
7900 46
8000 46
8100 48
8200 45
8300 45
8400 48
8500 46
8600 49
8700 50
8800 48
8900 51
9000 45
9100 45
9200 46
9300 47
9400 48
9500 49
9600 52
9700 46
9800 47
9900 47
10000 45
10100 49
10200 47
10300 48
10400 50
10500 47
10600 47
10700 47
10800 50
10900 47
11000 48
11100 47
11200 49
11300 50
11400 47
11500 48
11600 48
11700 52
11800 48
11900 46
12000 49
12100 49
12200 48
12300 52
12400 50
12500 47
12600 54
12700 48
12800 50
12900 47
13000 52
13100 47
13200 48
13300 50
13400 51
13500 50
13600 50
13700 49
13800 53
13900 50
14000 48
14100 53
14200 49
14300 48
14400 50
14500 48
14600 49
14700 48
14800 52
14900 48
15000 49
15100 54
15200 51
15300 51
15400 47
15500 51
15600 48
15700 51
15800 49
15900 50
16000 50
16100 52
16200 52
16300 53
16400 48
16500 50
16600 52
16700 48
16800 49
16900 52
17000 53
17100 51
17200 50
17300 52
17400 50
17500 52
17600 49
17700 51
17800 53
17900 60
18000 53
18100 51
18200 49
18300 52
18400 48
18500 56
18600 52
18700 52
18800 54
18900 50
19000 51
19100 52
19200 50
19300 55
19400 54
19500 53
19600 52
19700 54
19800 52
19900 51
20000 52
20100 58
20200 51
20300 53
20400 53
20500 53
20600 51
20700 53
20800 53
20900 51
21000 53
21100 53
21200 54
21300 50
21400 50
21500 53
21600 52
21700 50
21800 52
21900 53
22000 53
22100 53
22200 51
22300 56
22400 53
22500 52
22600 54
22700 55
22800 52
22900 54
23000 52
23100 51
23200 53
23300 52
23400 55
23500 57
23600 54
23700 55
23800 55
23900 53
24000 57
24100 51
24200 50
24300 53
24400 52
24500 51
24600 57
24700 54
24800 54
24900 55
25000 54
25100 51
25200 50
25300 55
25400 53
25500 55
25600 52
25700 55
25800 54
25900 52
26000 55
26100 52
26200 57
26300 56
26400 55
26500 56
26600 52
26700 52
26800 52
26900 54
27000 55
27100 58
27200 56
27300 55
27400 54
27500 54
27600 56
27700 53
27800 54
27900 55
28000 55
28100 53
28200 53
28300 55
28400 54
28500 53
28600 53
28700 56
28800 52
28900 57
29000 55
29100 57
29200 55
29300 53
29400 54
29500 55
29600 54
29700 54
29800 57
29900 53
30000 55
