100 545 157
200 1290 363
300 2106 583
400 2960 816
500 3927 1058
600 4901 1307
700 5892 1558
800 6897 1819
900 7932 2083
1000 9019 2343
1100 9850 2620
1200 11132 2897
1300 12072 3182
1400 13316 3447
1500 14349 3729
1600 15540 4009
1700 16517 4299
1800 17748 4582
1900 18832 4882
2000 19944 5169
2100 21075 5467
2200 22613 5754
2300 23593 6053
2400 24984 6343
2500 26053 6646
2600 27283 6947
2700 28170 7251
2800 30162 7536
2900 31323 7844
3000 32067 8166
3100 33409 8471
3200 34825 8770
3300 35968 9087
3400 36885 9403
3500 38005 9723
3600 39470 10033
3700 40999 10345
3800 42766 10630
3900 43592 10970
4000 44519 11294
4100 45822 11608
4200 47542 11912
4300 48524 12229
4400 49577 12577
4500 50339 12909
4600 52491 13194
4700 53164 13534
4800 54801 13848
4900 55955 14188
5000 57290 14517
5100 58331 14853
5200 60387 15149
5300 61088 15508
5400 62943 15803
5500 64233 16127
5600 64977 16483
5700 67266 16763
5800 67693 17119
5900 69048 17478
6000 70998 17788
6100 72405 18116
6200 72885 18484
6300 75148 18780
6400 76339 19105
6500 77231 19456
6600 78971 19799
6700 79707 20138
6800 81523 20467
6900 82147 20825
7000 84191 21138
7100 85619 21511
7200 86461 21838
7300 87440 22198
7400 89933 22500
7500 90756 22851
7600 91772 23213
7700 93199 23556
7800 96040 23838
7900 95815 24255
8000 97603 24556
8100 99225 24903
8200 100393 25245
8300 100723 25634
8400 103424 25943
8500 104399 26309
8600 106488 26607
8700 107353 26972
8800 108370 27322
8900 110083 27694
9000 111686 28060
9100 112015 28402
9200 114210 28726
9300 116377 29030
9400 116671 29426
9500 119175 29750
9600 120365 30106
9700 120834 30463
9800 123009 30807
9900 124298 31147
10000 125060 31574
10100 125935 31878
10200 128070 32262
10300 130863 32548
10400 131175 32951
10500 131628 33312
10600 134216 33649
10700 135446 34031
10800 136345 34354
10900 137793 34753
11000 140513 35048
11100 142277 35417
11200 142982 35801
11300 144233 36148
11400 144109 36555
11500 146356 36855
11600 147564 37258
11700 148476 37631
11800 149398 37990
11900 153782 38249
12000 152523 38697
12100 155643 39015
12200 155318 39429
12300 158638 39777
12400 159774 40116
12500 160953 40465
12600 163328 40813
12700 166350 41136
12800 165558 41549
12900 169165 41845
13000 168866 42258
13100 169308 42678
13200 170526 43041
13300 172522 43385
13400 171987 43828
13500 175418 44131
13600 175597 44511
13700 178214 44853
13800 180076 45183
13900 182064 45567
14000 181784 45968
14100 183135 46322
14200 185646 46701
14300 188068 46999
14400 185484 47526
14500 190851 47728
14600 190944 48188
14700 191884 48588
14800 194762 48855
14900 197036 49249
15000 196689 49653
15100 199438 49925
15200 200513 50369
15300 201272 50762
15400 203590 51165
15500 202968 51561
15600 206942 51833
15700 208103 52178
15800 208706 52575
15900 209409 53030
16000 210572 53408
16100 213078 53758
16200 215478 54075
16300 217433 54411
16400 216823 54863
16500 219456 55206
16600 221129 55583
16700 220927 55967
16800 223837 56377
16900 225674 56714
17000 226846 57109
17100 227491 57476
17200 230472 57861
17300 228624 58294
17400 231614 58614
17500 233887 59005
17600 236299 59366
17700 237848 59703
17800 240997 60066
17900 239709 60506
18000 240446 60955
18100 242545 61328
18200 245774 61619
18300 245668 62050
18400 248159 62380
18500 248341 62821
18600 248840 63213
18700 250309 63575
18800 252877 63958
18900 254422 64357
19000 256277 64756
19100 257598 65055
19200 260780 65452
19300 262664 65811
19400 259197 66300
19500 261027 66688
19600 264443 67021
19700 265735 67444
19800 269336 67719
19900 269308 68136
20000 272094 68520
