100 0 600
200 0 1200
300 0 1800
400 0 2400
500 0 3000
600 0 3600
700 0 4200
800 0 4800
900 0 5400
1000 0 6000
1100 0 6600
1200 0 7200
1300 0 7800
1400 0 8400
1500 0 9000
1600 0 9600
1700 0 10200
1800 0 10800
1900 0 11400
2000 0 12000
2100 0 12600
2200 0 13200
2300 0 13800
2400 0 14400
2500 0 15000
2600 0 15600
2700 0 16200
2800 0 16800
2900 0 17400
3000 0 18000
3100 0 18600
3200 0 19200
3300 0 19800
3400 0 20400
3500 0 21000
3600 0 21600
3700 0 22200
3800 0 22800
3900 0 23400
4000 0 24000
4100 0 24600
4200 0 25200
4300 0 25800
4400 0 26400
4500 0 27000
4600 0 27600
4700 0 28200
4800 0 28800
4900 0 29400
5000 0 30000
5100 0 30600
5200 0 31200
5300 0 31800
5400 0 32400
5500 0 33000
5600 0 33600
5700 0 34200
5800 0 34800
5900 0 35400
6000 0 36000
6100 0 36600
6200 0 37200
6300 0 37800
6400 0 38400
6500 0 39000
6600 0 39600
6700 0 40200
6800 0 40800
6900 0 41400
7000 0 42000
7100 0 42600
7200 0 43200
7300 0 43800
7400 0 44400
7500 0 45000
7600 0 45600
7700 0 46200
7800 0 46800
7900 0 47400
8000 0 48000
8100 0 48600
8200 0 49200
8300 0 49800
8400 0 50400
8500 0 51000
8600 0 51600
8700 0 52200
8800 0 52800
8900 0 53400
9000 0 54000
9100 0 54600
9200 0 55200
9300 0 55800
9400 0 56400
9500 0 57000
9600 0 57600
9700 0 58200
9800 0 58800
9900 0 59400
10000 0 60000
