100 126 601 278
200 200 1276 625
300 377 2028 854
400 696 1930 1277
500 687 3672 1536
600 600 3543 1807
700 1020 4040 2207
800 1202 4591 2573
900 1005 4031 2070
1000 1424 5280 2831
1100 1452 5976 3457
1200 1895 7461 3789
1300 1923 7929 4263
1400 2262 8410 4606
1500 1847 7083 3996
1600 1890 8013 3949
1700 3114 8797 5713
1800 2702 10876 5259
1900 2019 10778 4204
2000 3274 11846 6558
2100 3694 12041 6820
2200 3538 12031 7386
2300 2810 11542 6407
2400 2563 11618 5851
2500 3563 16563 7645
2600 2756 12303 5429
2700 4064 15721 8676
2800 4025 15244 8543
2900 4358 17040 9705
3000 3369 17007 7535
3100 4414 18658 10144
3200 5205 20624 11058
3300 3482 16903 7018
3400 6111 24882 11443
3500 5293 25436 12396
3600 6809 21136 12283
3700 5385 21235 12188
3800 6313 29830 12605
3900 4852 19755 11396
4000 4821 25692 10221
4100 5500 21324 12563
4200 7338 28074 14084
4300 8491 29635 14913
4400 5258 21507 10376
4500 6248 21687 12518
4600 6180 28739 13498
4700 4933 21191 10817
4800 7262 33736 15284
4900 8119 31610 16589
5000 6431 28860 14576
5100 8211 31443 16744
5200 7329 33023 16748
5300 6815 31026 15582
5400 6966 35019 16200
5500 6153 24456 13568
5600 7665 33066 17965
5700 7142 32012 16547
5800 6517 27000 14540
5900 10589 34869 19418
6000 8157 35885 17424
6100 9025 36116 20237
6200 7169 29046 15859
6300 6300 35201 21399
6400 11566 40865 22489
6500 9556 47157 21599
6600 9311 41207 19085
6700 9587 35047 21435
6800 10885 38091 22556
6900 8347 31237 16223
7000 8790 42129 20981
7100 7382 32766 15511
7200 9744 40720 20899
7300 10877 42094 22253
7400 7985 34159 16386
7500 9131 41332 21895
7600 9545 48044 23726
7700 10141 43249 21450
7800 12733 48239 27813
7900 13612 47190 25942
8000 13528 55025 26669
8100 12386 50612 26854
8200 11794 53967 26425
8300 9065 38800 17663
8400 14927 47565 27372
8500 12508 55648 25804
8600 12036 69502 25320
8700 11675 55166 24064
8800 11949 54656 26598
8900 10951 47000 24193
9000 11495 47193 25277
9100 9974 43548 20018
9200 11015 54011 25363
9300 15581 59768 28384
9400 11188 47512 23891
9500 13266 60233 29447
9600 12147 56207 27864
9700 18341 50166 32631
9800 17096 72902 32135
9900 14699 63612 31489
10000 10761 41323 22410
10100 15776 71800 34877
10200 17784 69069 35962
10300 17936 59405 35356
10400 18851 64245 35036
10500 12363 53023 28041
10600 12913 53982 27363
10700 13008 56452 27404
10800 17688 62461 34228
10900 16372 63608 35008
11000 13186 59706 31391
11100 17284 61884 35739
11200 12149 52980 25692
11300 11617 60430 24195
11400 19030 64053 37457
11500 15352 62151 33263
11600 15839 74219 35783
11700 12499 80803 27458
11800 19227 75499 37296
11900 19995 85460 39690
12000 17953 83516 40785
12100 19706 81048 41227
12200 23024 79931 39572
12300 21021 80411 42144
12400 21812 70396 40373
12500 19160 84464 41610
12600 19797 79183 43088
12700 16084 68323 33139
12800 16429 65384 37946
12900 19168 73524 41154
13000 19483 73089 41537
13100 24670 89736 44441
13200 19509 88040 41267
13300 16501 71508 33621
13400 22760 78405 46106
13500 18425 79183 41858
13600 16995 76715 36831
13700 17344 79031 31996
13800 20115 85757 43198
13900 18070 88001 40566
14000 18194 73807 38714
14100 15508 60521 30029
14200 24762 81778 50297
14300 26188 71098 46926
14400 21027 90286 43787
14500 19396 80150 45623
14600 16531 83665 37988
14700 23738 97839 49145
14800 23630 95605 48699
14900 22492 82187 48133
15000 23208 89362 51506
15100 23696 83047 51128
15200 20708 94583 46681
15300 18698 83864 41071
15400 22107 94661 54200
15500 23838 105081 51654
15600 24957 95538 52455
15700 19550 73806 41896
15800 26621 97553 54526
15900 16826 73214 37334
16000 28022 87498 53983
16100 21213 119560 49404
16200 22327 91663 49323
16300 26312 114728 56825
16400 22183 97530 55614
16500 30425 95385 58954
16600 24984 113379 54289
16700 27253 113295 51522
16800 26151 101643 55376
16900 18724 92172 44862
17000 22551 103421 50546
17100 30296 128803 58409
17200 20827 109256 49611
17300 18614 98808 40449
17400 24051 137888 58731
17500 28378 90868 57096
17600 30276 107714 57719
17700 24565 101698 53569
17800 20137 72000 40086
17900 28885 104423 56949
18000 22127 109303 51866
18100 28657 100970 56280
18200 24395 105329 54827
18300 27723 106971 57798
18400 23467 97637 52012
18500 28820 121240 56307
18600 31388 115702 60494
18700 30455 111579 60674
18800 25688 121124 52398
18900 30453 138675 61919
19000 31103 109884 59733
19100 29247 102089 59975
19200 29941 120965 62789
19300 22897 102254 48521
19400 35385 98271 62842
19500 29273 121513 65249
19600 29125 104046 60073
19700 26079 116454 57683
19800 28046 116090 61834
19900 30978 121713 60877
20000 35726 130820 67858
20100 22949 80647 47391
20200 29657 109890 63246
20300 28447 124570 60447
20400 33906 116309 66436
20500 35003 112905 68363
20600 29261 126504 63337
20700 32780 114064 65301
20800 31923 118701 67580
20900 30072 140149 70408
21000 36055 128576 72409
21100 36875 121555 68779
21200 22631 81090 43599
21300 25072 134262 54775
21400 31757 116983 69592
21500 33413 123350 61617
21600 26694 127614 63245
21700 25172 121072 55351
21800 28710 112315 61508
21900 34411 129527 71311
22000 34295 146227 77130
22100 29688 120735 63070
22200 24864 124642 53803
22300 30942 139634 73631
22400 32933 143197 76547
22500 40271 130467 74227
22600 33191 127407 75057
22700 28760 95652 54018
22800 35370 129366 72990
22900 36559 141155 74979
23000 31732 150238 73796
23100 40261 157241 80992
23200 32452 139107 73962
23300 40894 140870 81374
23400 28382 126806 53106
23500 32866 163036 62914
23600 37270 152544 83312
23700 34192 154906 69085
23800 34648 152829 78314
23900 26979 108852 48654
24000 31019 151269 69980
24100 28549 161456 68503
24200 37934 138948 76299
24300 40416 160136 81457
24400 35941 164901 79507
24500 25630 117228 56999
24600 44147 154313 81768
24700 32544 144021 76950
24800 32783 165704 85199
24900 41855 169190 85961
25000 32308 151033 81230
25100 35172 166383 85014
25200 44942 157501 88165
25300 46034 133993 82742
25400 39583 139326 82208
25500 41106 184961 87094
25600 29572 147453 71085
25700 32066 187527 81261
25800 32813 168997 75945
25900 36480 176377 74212
26000 42186 170345 95751
26100 42215 145512 82214
26200 31231 134145 68799
26300 38430 159643 79976
26400 28595 133055 67274
26500 40654 166491 90943
26600 43356 148605 87455
26700 35739 185752 87913
26800 33892 142585 78106
26900 36349 139793 78970
27000 43838 225782 102829
27100 38758 160128 73918
27200 45076 198240 94893
27300 48162 154697 86812
27400 46290 181319 95922
27500 48696 165906 95030
27600 38358 155556 87484
27700 36987 151576 76861
27800 47108 163638 96265
27900 44882 174601 91423
28000 29298 164871 63903
28100 43945 165658 91288
28200 30645 139399 57370
28300 40019 166374 92454
28400 33716 106261 64493
28500 37043 178533 91805
28600 31788 149209 60412
28700 46935 191024 97553
28800 45805 194838 97921
28900 36591 168223 85606
29000 33851 197405 76443
29100 38990 164099 84182
29200 40145 205269 88764
29300 45408 211220 100487
29400 46306 240303 105324
29500 37254 154826 83402
29600 44919 230081 95683
29700 34178 153734 80618
29800 45617 223556 104017
29900 40095 180921 98511
30000 41705 148808 85049
