100 32 511 369
200 57 822 808
300 83 1372 1214
400 107 1632 1604
500 133 2179 2040
600 159 2818 2465
700 180 2904 2731
800 209 3603 3266
900 233 3767 3596
1000 258 4350 3908
1100 283 5021 4522
1200 308 4889 4631
1300 333 6160 5079
1400 357 6433 5575
1500 384 6889 6272
1600 409 7442 6676
1700 434 7136 6857
1800 459 7793 7046
1900 483 8610 7808
2000 508 8515 7677
2100 535 9579 8155
2200 560 9101 8418
2300 585 10019 9114
2400 609 10209 9284
2500 634 11415 10010
2600 659 11025 10032
2700 686 11848 10779
2800 711 12519 11486
2900 735 12612 11570
3000 760 12481 11642
3100 785 13309 12598
3200 810 13280 12340
3300 832 14790 13683
3400 856 15530 13611
3500 881 14209 13354
3600 906 14362 13790
3700 931 17368 14456
3800 956 15355 14569
3900 980 17185 16066
4000 1010 18414 16695
4100 1035 17620 15871
4200 1060 18107 16351
4300 1085 18071 17074
4400 1109 20214 18321
4500 1134 20605 18688
4600 1160 21074 18908
4700 1185 19316 18103
4800 1210 21439 19049
4900 1234 20727 19613
5000 1259 20678 19444
5100 1284 21295 20087
5200 1310 22855 20670
5300 1335 22270 20659
5400 1359 23695 21058
5500 1384 22827 21188
5600 1409 25456 23217
5700 1434 25118 22204
5800 1460 24171 22361
5900 1484 25191 23738
6000 1509 25604 23520
6100 1534 26110 23805
6200 1559 25485 23924
6300 1584 27908 25271
6400 1608 26793 24840
6500 1634 29326 25973
6600 1659 28551 25787
6700 1684 29853 27767
6800 1709 28427 27119
6900 1733 28326 26560
7000 1758 31320 29006
7100 1786 29873 27328
7200 1811 30217 28033
7300 1836 32696 30155
7400 1860 30430 28471
7500 1885 34521 31214
7600 1910 31759 29671
7700 1936 32328 29984
7800 1961 33761 31371
7900 1985 33234 31356
8000 2010 36380 31915
8100 2035 35888 32253
8200 2060 35220 33022
8300 2086 37848 34672
8400 2110 34948 32086
8500 2135 36124 35059
8600 2160 39329 35703
8700 2185 39423 36498
8800 2210 39358 36364
8900 2234 40559 37287
9000 2260 41258 37840
9100 2285 41935 38032
9200 2310 39184 35856
9300 2335 39331 36313
9400 2359 42722 39406
9500 2384 42690 39347
9600 2410 41107 37379
9700 2435 41601 39068
9800 2460 41791 39608
9900 2484 40155 38710
10000 2509 45917 41876
10100 2534 41640 39028
10200 2562 40693 38691
10300 2587 43448 40039
10400 2611 47376 41916
10500 2636 47581 43985
10600 2661 48409 44608
10700 2686 45303 41313
10800 2712 49257 42164
10900 2736 51359 42644
11000 2761 45652 42913
11100 2786 45769 42685
11200 2811 51172 46798
11300 2836 47037 43525
11400 2860 49532 45751
11500 2886 51597 47484
11600 2911 52925 46169
11700 2936 49512 44940
11800 2961 52626 48809
11900 2985 51934 47284
12000 3010 50764 48570
12100 3036 49107 46106
12200 3061 52494 49025
12300 3086 52782 49464
12400 3110 52192 48458
12500 3135 53371 49775
12600 3160 54127 50142
12700 3186 57990 53128
12800 3211 55898 50155
12900 3235 54234 51079
13000 3260 57997 53707
13100 3285 56426 52790
13200 3310 60326 51409
13300 3338 60830 55870
13400 3362 57536 53917
13500 3387 56319 52724
13600 3412 61969 57012
13700 3437 62916 57392
13800 3462 58694 55084
13900 3486 62094 57436
14000 3512 58641 54513
14100 3537 64588 58884
14200 3562 60041 57237
14300 3587 60069 56057
14400 3611 64157 59602
14500 3636 61412 56239
14600 3662 59709 56350
14700 3687 63487 59638
14800 3712 66325 61451
14900 3736 67688 58241
15000 3761 63211 58446
15100 3786 63641 59284
15200 3812 63677 59189
15300 3837 69698 64498
15400 3861 69437 60309
15500 3886 67479 61911
15600 3911 66592 60673
15700 3936 71978 66064
15800 3962 69453 63922
15900 3986 68964 61277
16000 4011 66159 60921
16100 4036 71734 66670
16200 4061 68866 63201
16300 4086 66072 62379
16400 4110 69964 64980
16500 4133 71182 63792
16600 4158 69831 64725
16700 4183 77662 65410
16800 4208 67899 64144
16900 4232 70946 65238
17000 4257 73597 66715
17100 4283 72371 69167
17200 4308 75120 67263
17300 4333 71346 66620
17400 4357 74077 69409
17500 4382 72293 66685
17600 4407 75117 71047
17700 4433 80152 72584
17800 4458 81540 74418
17900 4482 75181 69804
18000 4507 76579 70130
18100 4532 76408 70382
18200 4557 81383 75251
18300 4583 75907 70661
18400 4607 84374 76743
18500 4632 82774 76670
18600 4657 83236 76132
18700 4682 79199 75251
18800 4707 78528 73362
18900 4731 76887 71630
19000 4757 80090 74305
19100 4782 80383 73672
19200 4807 86244 77753
19300 4832 89227 81224
19400 4856 88186 77971
19500 4881 81388 77752
19600 4912 87769 75996
19700 4937 88578 81373
19800 4962 86526 78637
19900 4986 84655 77618
20000 5011 80646 76316
20100 5036 92309 84333
20200 5062 81463 77286
20300 5087 85184 79094
20400 5111 91083 81786
20500 5136 86682 79571
20600 5161 94239 80363
20700 5186 94167 82358
20800 5212 93489 82496
20900 5236 88908 83836
21000 5261 88390 82181
21100 5286 88937 82400
21200 5311 97011 88590
21300 5336 88273 82344
21400 5360 90276 83765
21500 5386 95795 88640
21600 5411 96246 89055
21700 5436 99358 91413
21800 5461 95895 89910
21900 5485 89043 82616
22000 5510 95067 89098
22100 5536 98250 91715
22200 5561 102530 93027
22300 5586 95705 88754
22400 5610 101094 88972
22500 5635 90036 85874
22600 5660 98092 90189
22700 5687 104307 95410
22800 5712 96725 89309
22900 5736 94221 87475
23000 5761 102984 91611
23100 5786 95691 92240
23200 5811 103723 96610
23300 5837 99876 91372
23400 5861 107434 98249
23500 5886 107186 97827
23600 5911 98330 94275
23700 5936 106457 97894
23800 5961 100006 94092
23900 5985 109627 100392
24000 6011 99432 92644
24100 6036 103276 93683
24200 6061 101289 94321
24300 6086 97656 91657
24400 6110 104284 96212
24500 6135 102025 94391
24600 6161 99085 93454
24700 6186 104166 95906
24800 6211 103412 98205
24900 6235 106329 99198
25000 6260 105985 99296
25100 6285 104964 99803
25200 6311 105231 96480
25300 6336 117392 99321
25400 6360 113583 99747
25500 6385 105470 98382
25600 6410 108141 99670
25700 6435 107812 101559
25800 6462 106182 99842
25900 6486 115060 107077
26000 6511 111271 103889
26100 6536 116942 108562
26200 6561 112422 101100
26300 6586 117777 108810
26400 6610 110224 101822
26500 6636 112263 102417
26600 6661 120234 110845
26700 6686 112881 106093
26800 6711 123022 111878
26900 6735 118955 110631
27000 6760 115937 109521
27100 6786 114287 104619
27200 6811 115667 109610
27300 6836 115843 112674
27400 6860 110323 104901
27500 6885 109652 104421
27600 6910 123244 114606
27700 6936 126920 116789
27800 6961 111054 105791
27900 6985 113121 106767
28000 7010 116477 107763
28100 7035 128793 109430
28200 7060 128340 118195
28300 7086 117933 110225
28400 7110 129127 119091
28500 7135 122904 111362
28600 7160 132125 120074
28700 7185 124551 114638
28800 7210 119750 115798
28900 7234 125168 113257
29000 7261 122458 112171
29100 7286 122859 113573
29200 7311 128336 114148
29300 7336 122466 116579
29400 7360 125018 118597
29500 7385 122910 114873
29600 7411 130741 122332
29700 7436 121652 114284
29800 7461 124382 119698
29900 7485 125824 118982
30000 7510 136044 123785
